# unix_time, cycles_done, cur_path, paths_total, pending_total, pending_favs, map_size, unique_crashes, unique_hangs, max_depth, execs_per_sec
1650927336, 0, 0, 1, 1, 1, 0.01%, 0, 0, 1, 1333.33
1650927341, 0, 0, 13, 13, 1, 0.05%, 0, 2, 2, 1826.36
1650927346, 0, 0, 15, 15, 1, 0.05%, 0, 2, 2, 2916.01
1650927351, 0, 5, 16, 11, 4, 0.05%, 0, 2, 3, 2946.04
1650927356, 2, 8, 16, 6, 0, 0.05%, 0, 3, 3, 2411.91
1650927361, 5, 2, 16, 2, 0, 0.05%, 0, 3, 3, 2499.46
1650927366, 10, 5, 16, 2, 0, 0.05%, 0, 3, 3, 2535.20
1650927371, 14, 4, 16, 0, 0, 0.05%, 0, 3, 3, 2650.99
1650927377, 20, 0, 16, 0, 0, 0.05%, 0, 3, 3, 2642.67
1650927382, 25, 0, 16, 0, 0, 0.05%, 0, 3, 3, 2546.77
1650927387, 30, 6, 16, 0, 0, 0.05%, 0, 3, 3, 2651.59
1650927392, 35, 2, 16, 0, 0, 0.05%, 0, 3, 3, 2664.62
1650927397, 40, 0, 16, 0, 0, 0.05%, 0, 3, 3, 2597.43
1650927402, 45, 2, 16, 0, 0, 0.05%, 0, 3, 3, 2702.75
1650927407, 49, 15, 16, 0, 0, 0.05%, 0, 4, 3, 2816.50
1650927412, 54, 7, 16, 0, 0, 0.05%, 0, 4, 3, 2489.43
1650927417, 59, 5, 16, 0, 0, 0.05%, 0, 4, 3, 2530.19
1650927422, 64, 6, 16, 0, 0, 0.05%, 0, 4, 3, 2564.57
1650927427, 70, 0, 16, 0, 0, 0.05%, 0, 4, 3, 2616.90
1650927433, 74, 5, 16, 0, 0, 0.05%, 0, 4, 3, 2335.56
1650927438, 79, 4, 16, 0, 0, 0.05%, 0, 4, 3, 2447.59
1650927443, 84, 5, 16, 0, 0, 0.05%, 0, 4, 3, 2530.15
1650927448, 89, 3, 16, 0, 0, 0.05%, 0, 4, 3, 2563.37
1650927453, 94, 0, 16, 0, 0, 0.05%, 0, 4, 3, 2383.72
1650927458, 98, 6, 16, 0, 0, 0.05%, 0, 4, 3, 2451.34
1650927463, 103, 9, 16, 0, 0, 0.05%, 0, 4, 3, 2635.81
1650927468, 108, 1, 16, 0, 0, 0.05%, 0, 4, 3, 2599.17
1650927473, 113, 7, 16, 0, 0, 0.05%, 0, 4, 3, 2741.13
1650927478, 118, 15, 16, 0, 0, 0.05%, 0, 4, 3, 2822.65
1650927484, 124, 5, 16, 0, 0, 0.05%, 0, 4, 3, 2732.26
1650927489, 129, 7, 16, 0, 0, 0.05%, 0, 4, 3, 2809.34
1650927494, 135, 0, 16, 0, 0, 0.05%, 0, 4, 3, 2761.44
1650927499, 140, 7, 16, 0, 0, 0.05%, 0, 4, 3, 2859.25
1650927504, 145, 13, 16, 0, 0, 0.05%, 0, 4, 3, 2842.99
1650927509, 151, 4, 16, 0, 0, 0.05%, 0, 4, 3, 2852.94
1650927514, 156, 15, 16, 0, 0, 0.05%, 0, 4, 3, 2801.74
1650927519, 162, 6, 16, 0, 0, 0.05%, 0, 4, 3, 2736.52
1650927524, 167, 15, 16, 0, 0, 0.05%, 0, 4, 3, 2698.08
1650927529, 172, 15, 16, 0, 0, 0.05%, 0, 4, 3, 2696.55
1650927535, 178, 3, 16, 0, 0, 0.05%, 0, 4, 3, 2683.89
1650927540, 184, 0, 16, 0, 0, 0.05%, 0, 4, 3, 2768.99
1650927545, 189, 1, 16, 0, 0, 0.05%, 0, 4, 3, 2753.07
1650927550, 194, 4, 16, 0, 0, 0.05%, 0, 4, 3, 2755.69
1650927555, 199, 8, 16, 0, 0, 0.05%, 0, 4, 3, 2691.18
1650927560, 205, 0, 16, 0, 0, 0.05%, 0, 4, 3, 2665.31
1650927565, 210, 7, 16, 0, 0, 0.05%, 0, 4, 3, 2743.58
1650927570, 215, 15, 16, 0, 0, 0.05%, 0, 4, 3, 2805.01
1650927575, 221, 4, 16, 0, 0, 0.05%, 0, 4, 3, 2787.18
1650927580, 226, 6, 16, 0, 0, 0.05%, 0, 4, 3, 2778.42
1650927585, 231, 4, 16, 0, 0, 0.05%, 0, 4, 3, 2718.03
1650927590, 236, 15, 16, 0, 0, 0.05%, 0, 4, 3, 2715.60
1650927595, 242, 2, 16, 0, 0, 0.05%, 0, 4, 3, 2695.41
1650927601, 246, 3, 16, 0, 0, 0.05%, 0, 4, 3, 2361.18
1650927606, 250, 5, 16, 0, 0, 0.05%, 0, 4, 3, 2349.23
1650927611, 255, 0, 16, 0, 0, 0.05%, 0, 4, 3, 2264.58
1650927616, 260, 1, 16, 0, 0, 0.05%, 0, 4, 3, 2515.79
1650927621, 264, 7, 16, 0, 0, 0.05%, 0, 4, 3, 2504.24
1650927626, 269, 15, 16, 0, 0, 0.05%, 0, 4, 3, 2623.04
1650927631, 275, 2, 16, 0, 0, 0.05%, 0, 4, 3, 2665.79
1650927636, 280, 4, 16, 0, 0, 0.05%, 0, 4, 3, 2680.76
1650927641, 286, 3, 16, 0, 0, 0.05%, 0, 4, 3, 2855.25
1650927646, 290, 14, 16, 0, 0, 0.05%, 0, 4, 3, 2522.30
1650927651, 295, 0, 16, 0, 0, 0.05%, 0, 4, 3, 2416.50
1650927656, 299, 4, 16, 0, 0, 0.05%, 0, 4, 3, 2562.78
1650927662, 303, 14, 16, 0, 0, 0.05%, 0, 4, 3, 2415.51
1650927667, 308, 9, 16, 0, 0, 0.05%, 0, 4, 3, 2579.50
1650927672, 314, 0, 16, 0, 0, 0.05%, 0, 4, 3, 2671.33
1650927677, 318, 7, 16, 0, 0, 0.05%, 0, 4, 3, 2642.76
1650927682, 322, 15, 16, 0, 0, 0.05%, 0, 4, 3, 2645.68
1650927687, 328, 3, 16, 0, 0, 0.05%, 0, 4, 3, 2717.15
1650927692, 334, 1, 16, 0, 0, 0.05%, 0, 4, 3, 2717.49
1650927697, 339, 7, 16, 0, 0, 0.05%, 0, 4, 3, 2706.49
1650927702, 345, 4, 16, 0, 0, 0.05%, 0, 4, 3, 2747.48
1650927707, 350, 4, 16, 0, 0, 0.05%, 0, 4, 3, 2825.89
1650927712, 355, 15, 16, 0, 0, 0.05%, 0, 4, 3, 2756.84
1650927718, 360, 15, 16, 0, 0, 0.05%, 0, 4, 3, 2427.32
1650927723, 365, 7, 16, 0, 0, 0.05%, 0, 4, 3, 2595.36
1650927728, 371, 5, 16, 0, 0, 0.05%, 0, 4, 3, 2789.96
1650927733, 377, 0, 16, 0, 0, 0.05%, 0, 4, 3, 2700.12
1650927738, 382, 4, 16, 0, 0, 0.05%, 0, 4, 3, 2675.98
1650927743, 387, 13, 16, 0, 0, 0.05%, 0, 4, 3, 2804.79
1650927748, 393, 0, 16, 0, 0, 0.05%, 0, 4, 3, 2740.06
1650927753, 398, 2, 16, 0, 0, 0.05%, 0, 4, 3, 2830.04
1650927758, 403, 3, 16, 0, 0, 0.05%, 0, 4, 3, 2672.46
1650927763, 408, 7, 16, 0, 0, 0.05%, 0, 4, 3, 2777.66
1650927768, 414, 2, 16, 0, 0, 0.05%, 0, 4, 3, 2764.78
1650927774, 419, 3, 16, 0, 0, 0.05%, 0, 4, 3, 2732.17
1650927779, 425, 0, 16, 0, 0, 0.05%, 0, 4, 3, 2710.06
1650927784, 430, 5, 16, 0, 0, 0.05%, 0, 4, 3, 2663.17
1650927789, 435, 14, 16, 0, 0, 0.05%, 0, 4, 3, 2645.85
1650927794, 440, 6, 16, 0, 0, 0.05%, 0, 4, 3, 2700.21
1650927799, 446, 1, 16, 0, 0, 0.05%, 0, 4, 3, 2657.39
1650927804, 451, 3, 16, 0, 0, 0.05%, 0, 4, 3, 2700.36
1650927809, 456, 11, 16, 0, 0, 0.05%, 0, 4, 3, 2599.00
1650927814, 461, 15, 16, 0, 0, 0.05%, 0, 4, 3, 2568.85
1650927819, 467, 2, 16, 0, 0, 0.05%, 0, 4, 3, 2757.19
1650927824, 472, 15, 16, 0, 0, 0.05%, 0, 4, 3, 2712.19
1650927829, 478, 0, 16, 0, 0, 0.05%, 0, 4, 3, 2752.67
1650927834, 483, 1, 16, 0, 0, 0.05%, 0, 4, 3, 2687.97
1650927839, 488, 7, 16, 0, 0, 0.05%, 0, 4, 3, 2679.44
1650927845, 494, 1, 16, 0, 0, 0.05%, 0, 4, 3, 2768.96
1650927850, 499, 4, 16, 0, 0, 0.05%, 0, 4, 3, 2730.94
1650927855, 505, 3, 16, 0, 0, 0.05%, 0, 4, 3, 2820.70
1650927860, 510, 1, 16, 0, 0, 0.05%, 0, 4, 3, 2695.58
1650927865, 515, 6, 16, 0, 0, 0.05%, 0, 4, 3, 2842.29
1650927870, 520, 1, 16, 0, 0, 0.05%, 0, 4, 3, 2493.67
1650927875, 525, 5, 16, 0, 0, 0.05%, 0, 4, 3, 2684.21
1650927880, 530, 7, 16, 0, 0, 0.05%, 0, 4, 3, 2608.03
1650927885, 535, 15, 16, 0, 0, 0.05%, 0, 4, 3, 2642.18
1650927890, 540, 14, 16, 0, 0, 0.05%, 0, 4, 3, 2679.10
1650927895, 545, 6, 16, 0, 0, 0.05%, 0, 4, 3, 2762.77
1650927900, 550, 6, 16, 0, 0, 0.05%, 0, 4, 3, 2701.65
1650927905, 556, 5, 16, 0, 0, 0.05%, 0, 4, 3, 2730.61
1650927911, 561, 15, 16, 0, 0, 0.05%, 0, 4, 3, 2773.37
1650927916, 567, 5, 16, 0, 0, 0.05%, 0, 4, 3, 2809.83
1650927921, 573, 4, 16, 0, 0, 0.05%, 0, 4, 3, 2815.31
1650927926, 578, 8, 16, 0, 0, 0.05%, 0, 4, 3, 2690.06
1650927931, 583, 1, 16, 0, 0, 0.05%, 0, 4, 3, 2556.91
1650927936, 588, 3, 16, 0, 0, 0.05%, 0, 4, 3, 2491.34
1650927941, 591, 4, 16, 0, 0, 0.05%, 0, 4, 3, 1973.59
1650927946, 594, 15, 16, 0, 0, 0.05%, 0, 4, 3, 1779.88
1650927951, 598, 14, 16, 0, 0, 0.05%, 0, 4, 3, 1871.63
1650927956, 602, 4, 16, 0, 0, 0.05%, 0, 4, 3, 1893.99
1650927962, 606, 3, 16, 0, 0, 0.05%, 0, 4, 3, 1879.96
1650927967, 609, 15, 16, 0, 0, 0.05%, 0, 4, 3, 1928.63
1650927972, 614, 0, 16, 0, 0, 0.05%, 0, 4, 3, 1948.33
1650927977, 617, 5, 16, 0, 0, 0.05%, 0, 4, 3, 1919.17
1650927982, 621, 4, 16, 0, 0, 0.05%, 0, 4, 3, 1925.60
1650927987, 625, 1, 16, 0, 0, 0.05%, 0, 4, 3, 2006.28
1650927992, 628, 15, 16, 0, 0, 0.05%, 0, 4, 3, 1986.38
1650927997, 632, 3, 16, 0, 0, 0.05%, 0, 4, 3, 1824.26
1650928002, 636, 2, 16, 0, 0, 0.05%, 0, 4, 3, 2019.32
1650928008, 640, 1, 16, 0, 0, 0.05%, 0, 4, 3, 2007.92
1650928013, 643, 8, 16, 0, 0, 0.05%, 0, 4, 3, 1873.29
1650928018, 647, 15, 16, 0, 0, 0.05%, 0, 4, 3, 1987.95
1650928023, 651, 4, 16, 0, 0, 0.05%, 0, 4, 3, 1995.64
1650928028, 655, 2, 16, 0, 0, 0.05%, 0, 4, 3, 1886.84
1650928033, 658, 7, 16, 0, 0, 0.05%, 0, 4, 3, 1820.90
1650928038, 662, 6, 16, 0, 0, 0.05%, 0, 4, 3, 1771.02
1650928043, 666, 4, 16, 0, 0, 0.05%, 0, 4, 3, 1921.78
1650928048, 669, 11, 16, 0, 0, 0.05%, 0, 4, 3, 1810.78
1650928053, 673, 3, 16, 0, 0, 0.05%, 0, 4, 3, 1974.38
1650928059, 677, 4, 16, 0, 0, 0.05%, 0, 4, 3, 2101.53
1650928064, 680, 5, 16, 0, 0, 0.05%, 0, 4, 3, 1965.10
1650928069, 684, 0, 16, 0, 0, 0.05%, 0, 4, 3, 1800.34
1650928074, 687, 7, 16, 0, 0, 0.05%, 0, 4, 3, 1941.02
1650928079, 691, 3, 16, 0, 0, 0.05%, 0, 4, 3, 1906.28
1650928084, 695, 1, 16, 0, 0, 0.05%, 0, 4, 3, 2027.73
1650928089, 699, 1, 16, 0, 0, 0.05%, 0, 4, 3, 1961.70
1650928094, 702, 7, 16, 0, 0, 0.05%, 0, 4, 3, 1931.82
1650928099, 706, 3, 16, 0, 0, 0.05%, 0, 4, 3, 1913.42
1650928104, 710, 0, 16, 0, 0, 0.05%, 0, 4, 3, 1898.42
1650928109, 713, 9, 16, 0, 0, 0.05%, 0, 4, 3, 1791.33
1650928114, 716, 15, 16, 0, 0, 0.05%, 0, 4, 3, 1960.69
1650928119, 720, 6, 16, 0, 0, 0.05%, 0, 4, 3, 1960.54
1650928125, 724, 5, 16, 0, 0, 0.05%, 0, 4, 3, 1866.24
1650928130, 728, 3, 16, 0, 0, 0.05%, 0, 4, 3, 1881.74
1650928135, 731, 7, 16, 0, 0, 0.05%, 0, 4, 3, 1838.80
1650928140, 735, 5, 16, 0, 0, 0.05%, 0, 4, 3, 1847.43
1650928145, 738, 9, 16, 0, 0, 0.05%, 0, 4, 3, 1832.40
1650928150, 742, 4, 16, 0, 0, 0.05%, 0, 4, 3, 1922.29
1650928155, 746, 6, 16, 0, 0, 0.05%, 0, 4, 3, 2019.76
1650928160, 751, 0, 16, 0, 0, 0.05%, 0, 4, 3, 2058.00
1650928165, 755, 2, 16, 0, 0, 0.05%, 0, 4, 3, 1990.80
1650928170, 758, 13, 16, 0, 0, 0.05%, 0, 4, 3, 1941.40
1650928176, 762, 9, 16, 0, 0, 0.05%, 0, 4, 3, 1971.04
1650928181, 766, 4, 16, 0, 0, 0.05%, 0, 4, 3, 1922.60
1650928186, 770, 2, 16, 0, 0, 0.05%, 0, 4, 3, 1994.63
1650928191, 774, 2, 16, 0, 0, 0.05%, 0, 4, 3, 1915.20
1650928196, 777, 15, 16, 0, 0, 0.05%, 0, 4, 3, 1954.65
1650928201, 781, 11, 16, 0, 0, 0.05%, 0, 4, 3, 1853.21
1650928206, 785, 2, 16, 0, 0, 0.05%, 0, 4, 3, 2004.57
1650928211, 788, 7, 16, 0, 0, 0.05%, 0, 4, 3, 1939.32
1650928216, 792, 3, 16, 0, 0, 0.05%, 0, 4, 3, 2014.79
1650928222, 796, 2, 16, 0, 0, 0.05%, 0, 4, 3, 1904.97
1650928227, 800, 4, 16, 0, 0, 0.05%, 0, 4, 3, 1954.49
1650928232, 804, 1, 16, 0, 0, 0.05%, 0, 4, 3, 1967.71
1650928237, 808, 2, 16, 0, 0, 0.05%, 0, 4, 3, 1918.02
1650928242, 812, 2, 16, 0, 0, 0.05%, 0, 4, 3, 1912.18
1650928247, 815, 15, 16, 0, 0, 0.05%, 0, 4, 3, 1856.11
1650928252, 819, 5, 16, 0, 0, 0.05%, 0, 4, 3, 1812.57
1650928257, 823, 1, 16, 0, 0, 0.05%, 0, 4, 3, 1952.98
1650928263, 827, 3, 16, 0, 0, 0.05%, 0, 4, 3, 1925.16
1650928268, 831, 5, 16, 0, 0, 0.05%, 0, 4, 3, 1981.45
1650928273, 834, 14, 16, 0, 0, 0.05%, 0, 4, 3, 1858.31
1650928278, 838, 4, 16, 0, 0, 0.05%, 0, 4, 3, 1958.44
1650928283, 842, 1, 16, 0, 0, 0.05%, 0, 4, 3, 1922.94
1650928288, 846, 0, 16, 0, 0, 0.05%, 0, 4, 3, 1925.70
1650928293, 849, 7, 16, 0, 0, 0.05%, 0, 4, 3, 1845.66
1650928299, 853, 3, 16, 0, 0, 0.05%, 0, 4, 3, 1889.35
1650928304, 857, 7, 16, 0, 0, 0.05%, 0, 4, 3, 2200.49
1650928309, 862, 0, 16, 0, 0, 0.05%, 0, 4, 3, 2086.35
1650928314, 866, 0, 16, 0, 0, 0.05%, 0, 4, 3, 2067.54
1650928319, 870, 3, 16, 0, 0, 0.05%, 0, 4, 3, 2023.03
1650928324, 873, 14, 16, 0, 0, 0.05%, 0, 4, 3, 1897.48
1650928329, 877, 7, 16, 0, 0, 0.05%, 0, 4, 3, 1999.98
1650928334, 881, 5, 16, 0, 0, 0.05%, 0, 4, 3, 2002.60
1650928340, 885, 7, 16, 0, 0, 0.05%, 0, 4, 3, 2027.36
1650928345, 889, 8, 16, 0, 0, 0.05%, 0, 4, 3, 1969.07
1650928350, 893, 6, 16, 0, 0, 0.05%, 0, 4, 3, 1963.12
1650928355, 897, 6, 16, 0, 0, 0.05%, 0, 4, 3, 1934.77
1650928360, 901, 2, 16, 0, 0, 0.05%, 0, 4, 3, 1972.60
1650928365, 905, 0, 16, 0, 0, 0.05%, 0, 4, 3, 1813.76
1650928370, 908, 3, 16, 0, 0, 0.05%, 0, 4, 3, 1812.99
1650928375, 911, 15, 16, 0, 0, 0.05%, 0, 4, 3, 2002.34
1650928380, 915, 15, 16, 0, 0, 0.05%, 0, 4, 3, 1847.11
1650928385, 920, 0, 16, 0, 0, 0.05%, 0, 4, 3, 2031.02
1650928390, 924, 2, 16, 0, 0, 0.05%, 0, 4, 3, 1969.90
1650928396, 928, 0, 16, 0, 0, 0.05%, 0, 4, 3, 1918.26
1650928401, 932, 0, 16, 0, 0, 0.05%, 0, 4, 3, 1891.22
1650928406, 935, 3, 16, 0, 0, 0.05%, 0, 4, 3, 1933.58
1650928411, 939, 0, 16, 0, 0, 0.05%, 0, 4, 3, 1825.38
1650928416, 942, 7, 16, 0, 0, 0.05%, 0, 4, 3, 1959.22
1650928421, 946, 3, 16, 0, 0, 0.05%, 0, 4, 3, 2002.00
1650928426, 949, 15, 16, 0, 0, 0.05%, 0, 4, 3, 2076.62
1650928431, 953, 15, 16, 0, 0, 0.05%, 0, 4, 3, 1952.23
1650928436, 958, 1, 16, 0, 0, 0.05%, 0, 4, 3, 2014.01
1650928441, 962, 2, 16, 0, 0, 0.05%, 0, 4, 3, 2123.01
1650928447, 965, 13, 16, 0, 0, 0.05%, 0, 4, 3, 1862.50
1650928452, 969, 15, 16, 0, 0, 0.05%, 0, 4, 3, 1999.05
1650928457, 974, 1, 16, 0, 0, 0.05%, 0, 4, 3, 1992.48
1650928462, 978, 1, 16, 0, 0, 0.05%, 0, 4, 3, 2018.44
1650928467, 982, 1, 16, 0, 0, 0.05%, 0, 4, 3, 1981.37
1650928472, 986, 3, 16, 0, 0, 0.05%, 0, 4, 3, 2108.28
1650928477, 989, 6, 16, 0, 0, 0.05%, 0, 4, 3, 1923.42
1650928482, 993, 6, 16, 0, 0, 0.05%, 0, 4, 3, 1936.96
1650928487, 997, 5, 16, 0, 0, 0.05%, 0, 4, 3, 1879.98
1650928492, 1001, 6, 16, 0, 0, 0.05%, 0, 4, 3, 1924.56
1650928498, 1005, 4, 16, 0, 0, 0.05%, 0, 4, 3, 1920.09
1650928503, 1008, 2, 16, 0, 0, 0.05%, 0, 4, 3, 1978.00
1650928508, 1011, 5, 16, 0, 0, 0.05%, 0, 4, 3, 1942.26
1650928513, 1015, 4, 16, 0, 0, 0.05%, 0, 4, 3, 2008.26
1650928518, 1019, 5, 16, 0, 0, 0.05%, 0, 4, 3, 1956.78
1650928523, 1023, 3, 16, 0, 0, 0.05%, 0, 4, 3, 2040.42
1650928528, 1027, 2, 16, 0, 0, 0.05%, 0, 4, 3, 2091.47
1650928533, 1031, 6, 16, 0, 0, 0.05%, 0, 4, 3, 2140.15
1650928538, 1035, 3, 16, 0, 0, 0.05%, 0, 4, 3, 2088.54
1650928543, 1039, 1, 16, 0, 0, 0.05%, 0, 4, 3, 2080.24
1650928548, 1042, 11, 16, 0, 0, 0.05%, 0, 4, 3, 1948.77
1650928553, 1046, 15, 16, 0, 0, 0.05%, 0, 4, 3, 1986.70
1650928559, 1050, 15, 16, 0, 0, 0.05%, 0, 4, 3, 1910.74
1650928564, 1054, 3, 16, 0, 0, 0.05%, 0, 4, 3, 1864.05
1650928569, 1057, 15, 16, 0, 0, 0.05%, 0, 4, 3, 1936.37
1650928574, 1061, 15, 16, 0, 0, 0.05%, 0, 4, 3, 1999.63
1650928579, 1065, 15, 16, 0, 0, 0.05%, 0, 4, 3, 1967.14
1650928584, 1070, 0, 16, 0, 0, 0.05%, 0, 4, 3, 2025.02
1650928589, 1074, 1, 16, 0, 0, 0.05%, 0, 4, 3, 1967.55
1650928594, 1077, 5, 16, 0, 0, 0.05%, 0, 4, 3, 1993.07
1650928599, 1081, 3, 16, 0, 0, 0.05%, 0, 4, 3, 1979.09
1650928604, 1084, 12, 16, 0, 0, 0.05%, 0, 4, 3, 1909.45
1650928610, 1088, 6, 16, 0, 0, 0.05%, 0, 4, 3, 1947.92
1650928615, 1092, 3, 16, 0, 0, 0.05%, 0, 4, 3, 1820.59
1650928620, 1096, 2, 16, 0, 0, 0.05%, 0, 4, 3, 1805.11
1650928625, 1100, 3, 16, 0, 0, 0.05%, 0, 4, 3, 2061.17
1650928630, 1103, 14, 16, 0, 0, 0.05%, 0, 4, 3, 1878.06
1650928635, 1107, 15, 16, 0, 0, 0.05%, 0, 4, 3, 2017.65
1650928640, 1112, 2, 16, 0, 0, 0.05%, 0, 4, 3, 2048.20
1650928646, 1116, 2, 16, 0, 0, 0.05%, 0, 4, 3, 1975.01
1650928651, 1120, 0, 16, 0, 0, 0.05%, 0, 4, 3, 1834.19
1650928656, 1123, 10, 16, 0, 0, 0.05%, 0, 4, 3, 1936.59
1650928661, 1127, 7, 16, 0, 0, 0.05%, 0, 4, 3, 1858.20
1650928666, 1131, 5, 16, 0, 0, 0.05%, 0, 4, 3, 2003.87
1650928671, 1135, 0, 16, 0, 0, 0.05%, 0, 4, 3, 1934.08
1650928676, 1138, 15, 16, 0, 0, 0.05%, 0, 4, 3, 1859.89
1650928681, 1142, 7, 16, 0, 0, 0.05%, 0, 4, 3, 1973.51
1650928686, 1146, 1, 16, 0, 0, 0.05%, 0, 4, 3, 1955.12
1650928692, 1149, 2, 16, 0, 0, 0.05%, 0, 4, 3, 1885.50
1650928697, 1153, 2, 16, 0, 0, 0.05%, 0, 4, 3, 1941.15
1650928702, 1156, 15, 16, 0, 0, 0.05%, 0, 4, 3, 2026.01
1650928707, 1160, 7, 16, 0, 0, 0.05%, 0, 4, 3, 1931.66
1650928712, 1164, 7, 16, 0, 0, 0.05%, 0, 4, 3, 1965.67
1650928717, 1168, 15, 16, 0, 0, 0.05%, 0, 4, 3, 2063.47
1650928722, 1172, 7, 16, 0, 0, 0.05%, 0, 4, 3, 1955.04
1650928727, 1176, 4, 16, 0, 0, 0.05%, 0, 4, 3, 1930.52
1650928732, 1180, 3, 16, 0, 0, 0.05%, 0, 4, 3, 1924.90
1650928737, 1184, 2, 16, 0, 0, 0.05%, 0, 4, 3, 1927.58
1650928743, 1188, 0, 16, 0, 0, 0.05%, 0, 4, 3, 1907.94
1650928748, 1191, 5, 16, 0, 0, 0.05%, 0, 4, 3, 1834.77
1650928753, 1195, 8, 16, 0, 0, 0.05%, 0, 4, 3, 1975.95
1650928758, 1199, 7, 16, 0, 0, 0.05%, 0, 4, 3, 1976.46
1650928763, 1203, 3, 16, 0, 0, 0.05%, 0, 4, 3, 1980.83
1650928768, 1206, 15, 16, 0, 0, 0.05%, 0, 4, 3, 1970.04
1650928773, 1211, 1, 16, 0, 0, 0.05%, 0, 4, 3, 2106.80
1650928778, 1215, 1, 16, 0, 0, 0.05%, 0, 4, 3, 1918.97
1650928784, 1219, 0, 16, 0, 0, 0.05%, 0, 4, 3, 2047.29
1650928789, 1222, 10, 16, 0, 0, 0.05%, 0, 4, 3, 2124.53
1650928794, 1226, 15, 16, 0, 0, 0.05%, 0, 4, 3, 1999.60
1650928799, 1230, 15, 16, 0, 0, 0.05%, 0, 4, 3, 2075.20
1650928804, 1235, 1, 16, 0, 0, 0.05%, 0, 4, 3, 2029.36
1650928809, 1239, 2, 16, 0, 0, 0.05%, 0, 4, 3, 2070.91
1650928814, 1242, 15, 16, 0, 0, 0.05%, 0, 4, 3, 1874.52
1650928820, 1246, 4, 16, 0, 0, 0.05%, 0, 4, 3, 1957.01
1650928825, 1250, 2, 16, 0, 0, 0.05%, 0, 4, 3, 2044.88
1650928830, 1254, 1, 16, 0, 0, 0.05%, 0, 4, 3, 1958.25
1650928835, 1257, 15, 16, 0, 0, 0.05%, 0, 4, 3, 1925.01
1650928840, 1261, 15, 16, 0, 0, 0.05%, 0, 4, 3, 1935.66
1650928845, 1266, 0, 16, 0, 0, 0.05%, 0, 4, 3, 2001.53
1650928850, 1269, 15, 16, 0, 0, 0.05%, 0, 4, 3, 1975.99
1650928855, 1274, 0, 16, 0, 0, 0.05%, 0, 4, 3, 1972.23
1650928860, 1277, 2, 16, 0, 0, 0.05%, 0, 4, 3, 2027.10
1650928865, 1281, 1, 16, 0, 0, 0.05%, 0, 4, 3, 1961.29
1650928870, 1284, 15, 16, 0, 0, 0.05%, 0, 4, 3, 2009.78
1650928875, 1288, 1, 16, 0, 0, 0.05%, 0, 4, 3, 1997.37
1650928880, 1291, 10, 16, 0, 0, 0.05%, 0, 4, 3, 2138.54
1650928886, 1295, 3, 16, 0, 0, 0.05%, 0, 4, 3, 2120.98
1650928891, 1298, 15, 16, 0, 0, 0.05%, 0, 4, 3, 1930.99
1650928896, 1302, 3, 16, 0, 0, 0.05%, 0, 4, 3, 1915.38
1650928901, 1305, 5, 16, 0, 0, 0.05%, 0, 4, 3, 1778.81
1650928906, 1309, 4, 16, 0, 0, 0.05%, 0, 4, 3, 2031.86
1650928911, 1313, 1, 16, 0, 0, 0.05%, 0, 4, 3, 1860.04
1650928916, 1316, 7, 16, 0, 0, 0.05%, 0, 4, 3, 1874.88
1650928921, 1320, 4, 16, 0, 0, 0.05%, 0, 4, 3, 1886.11
1650928926, 1324, 6, 16, 0, 0, 0.05%, 0, 4, 3, 2124.61
1650928931, 1327, 15, 16, 0, 0, 0.05%, 0, 4, 3, 1919.45
1650928936, 1331, 9, 16, 0, 0, 0.05%, 0, 4, 3, 1911.40
1650928941, 1335, 3, 16, 0, 0, 0.05%, 0, 4, 3, 1948.88
1650928947, 1339, 5, 16, 0, 0, 0.05%, 0, 4, 3, 1971.89
1650928952, 1343, 5, 16, 0, 0, 0.05%, 0, 4, 3, 2137.05
1650928957, 1347, 15, 16, 0, 0, 0.05%, 0, 4, 3, 2083.17
1650928962, 1351, 0, 16, 0, 0, 0.05%, 0, 4, 3, 1995.15
1650928967, 1355, 3, 16, 0, 0, 0.05%, 0, 4, 3, 1971.13
1650928972, 1359, 4, 16, 0, 0, 0.05%, 0, 4, 3, 2040.51
1650928977, 1363, 3, 16, 0, 0, 0.05%, 0, 4, 3, 2024.40
1650928982, 1367, 0, 16, 0, 0, 0.05%, 0, 4, 3, 1825.50
1650928987, 1370, 15, 16, 0, 0, 0.05%, 0, 4, 3, 1929.31
1650928992, 1374, 15, 16, 0, 0, 0.05%, 0, 4, 3, 1971.48
1650928998, 1378, 6, 16, 0, 0, 0.05%, 0, 4, 3, 1873.98
1650929003, 1382, 5, 16, 0, 0, 0.05%, 0, 4, 3, 1979.59
1650929008, 1385, 15, 16, 0, 0, 0.05%, 0, 4, 3, 1951.90
1650929013, 1389, 1, 16, 0, 0, 0.05%, 0, 4, 3, 1795.87
1650929018, 1393, 3, 16, 0, 0, 0.05%, 0, 4, 3, 1951.65
1650929023, 1397, 0, 16, 0, 0, 0.05%, 0, 4, 3, 1879.99
1650929028, 1400, 7, 16, 0, 0, 0.05%, 0, 4, 3, 2058.58
1650929033, 1404, 7, 16, 0, 0, 0.05%, 0, 4, 3, 1983.89
1650929039, 1408, 5, 16, 0, 0, 0.05%, 0, 4, 3, 1987.16
1650929044, 1412, 15, 16, 0, 0, 0.05%, 0, 4, 3, 2152.15
1650929049, 1416, 15, 16, 0, 0, 0.05%, 0, 4, 3, 2021.66
1650929054, 1421, 0, 16, 0, 0, 0.05%, 0, 4, 3, 2044.70
1650929059, 1424, 7, 16, 0, 0, 0.05%, 0, 4, 3, 1911.50
1650929064, 1428, 5, 16, 0, 0, 0.05%, 0, 4, 3, 1943.41
1650929069, 1432, 7, 16, 0, 0, 0.05%, 0, 4, 3, 1976.47
1650929074, 1437, 1, 16, 0, 0, 0.05%, 0, 4, 3, 2002.74
1650929080, 1441, 3, 16, 0, 0, 0.05%, 0, 4, 3, 2000.36
1650929085, 1444, 15, 16, 0, 0, 0.05%, 0, 4, 3, 1860.88
1650929090, 1448, 15, 16, 0, 0, 0.05%, 0, 4, 3, 1932.51
1650929095, 1453, 1, 16, 0, 0, 0.05%, 0, 4, 3, 2065.09
1650929100, 1456, 15, 16, 0, 0, 0.05%, 0, 4, 3, 2001.20
1650929105, 1460, 6, 16, 0, 0, 0.05%, 0, 4, 3, 1932.00
1650929110, 1464, 7, 16, 0, 0, 0.05%, 0, 4, 3, 2032.65
1650929115, 1468, 15, 16, 0, 0, 0.05%, 0, 4, 3, 2017.40
1650929120, 1472, 15, 16, 0, 0, 0.05%, 0, 4, 3, 2003.67
1650929125, 1476, 7, 16, 0, 0, 0.05%, 0, 4, 3, 1918.80
1650929131, 1479, 12, 16, 0, 0, 0.05%, 0, 4, 3, 1877.78
1650929136, 1482, 15, 16, 0, 0, 0.05%, 0, 4, 3, 1844.21
1650929141, 1486, 6, 16, 0, 0, 0.05%, 0, 4, 3, 1849.35
1650929146, 1490, 3, 16, 0, 0, 0.05%, 0, 4, 3, 1912.57
1650929151, 1494, 0, 16, 0, 0, 0.05%, 0, 4, 3, 1878.11
1650929156, 1497, 15, 16, 0, 0, 0.05%, 0, 4, 3, 1889.20
1650929161, 1501, 4, 16, 0, 0, 0.05%, 0, 4, 3, 1885.87
1650929167, 1505, 7, 16, 0, 0, 0.05%, 0, 4, 3, 1962.49
1650929172, 1509, 1, 16, 0, 0, 0.05%, 0, 4, 3, 1795.30
1650929177, 1512, 15, 16, 0, 0, 0.05%, 0, 4, 3, 1833.95
1650929182, 1516, 14, 16, 0, 0, 0.05%, 0, 4, 3, 1959.85
1650929187, 1521, 0, 16, 0, 0, 0.05%, 0, 4, 3, 2015.17
1650929192, 1525, 2, 16, 0, 0, 0.05%, 0, 4, 3, 2062.95
1650929197, 1529, 4, 16, 0, 0, 0.05%, 0, 4, 3, 2052.37
1650929202, 1532, 8, 16, 0, 0, 0.05%, 0, 4, 3, 2064.99
